   0.000062054
   0.000062505
   0.000063436
   0.000061420
   0.000062002
   0.000062068
   0.000065978
   0.000063560
   0.000062037
   0.000065376
   0.000057021
   0.000069652
   0.000056679
   0.000059442
   0.000058209
   0.000064878
   0.000067026
   0.000067204
   0.000064386
   0.000067997
   0.000058299
   0.000058205
   0.000056652
   0.000056903
   0.000058033
   0.000058856
   0.000055371
   0.000054320
   0.000054965
   0.000058069
   0.000061286
   0.000060698
   0.000060803
   0.000064705
   0.000064683
   0.000058871
   0.000061931
   0.000058484
   0.000062171
   0.000058554
   0.000064476
   0.000064122
   0.000063912
   0.000059735
   0.000060280
   0.000067486
   0.000067947
   0.000067126
   0.000067170
   0.000069453
