   0.000036930
   0.000037348
   0.000036633
   0.000036843
   0.000037303
   0.000039735
   0.000036494
   0.000037064
   0.000036970
   0.000037278
   0.000036474
   0.000036516
   0.000037149
   0.000037193
   0.000035151
   0.000035268
   0.000034611
   0.000034651
   0.000034792
   0.000034840
   0.000037632
   0.000037567
   0.000037240
   0.000037366
   0.000037345
   0.000037076
   0.000037189
   0.000036865
   0.000037446
   0.000036894
   0.000037418
   0.000038006
   0.000038114
   0.000037471
   0.000037772
   0.000038205
   0.000037865
   0.000040318
   0.000037758
   0.000039833
   0.000041230
   0.000037800
   0.000036270
   0.000036711
   0.000037253
   0.000035895
   0.000042971
   0.000037739
   0.000037628
   0.000037567
   0.000037501
   0.000037227
   0.000036597
   0.000036597
   0.000036663
   0.000037307
   0.000036763
   0.000037853
   0.000036457
   0.000036047
   0.000036288
   0.000036786
   0.000039645
   0.000036152
   0.000035988
   0.000035113
   0.000038164
   0.000034935
   0.000034831
   0.000034687
   0.000034040
   0.000034198
   0.000033900
   0.000034388
   0.000035176
   0.000034908
   0.000040804
   0.000034313
   0.000033725
   0.000034256
   0.000037186
   0.000036859
   0.000035935
   0.000037252
   0.000036830
   0.000036899
   0.000036899
   0.000036899
   0.000036899
   0.000036780
   0.000036312
   0.000037556
   0.000036377
   0.000040497
   0.000036774
   0.000037065
   0.000036858
   0.000040207
   0.000037279
   0.000037760
