   0.000001382
   0.000001256
   0.000001299
   0.000001283
   0.000001274
   0.000001281
   0.000001295
   0.000001292
   0.000001271
   0.000001278
   0.000001119
   0.000001152
   0.000001128
   0.000001124
   0.000001138
   0.000001138
   0.000001131
   0.000000446
   0.000001132
   0.000001151
   0.000004895
   0.000004895
   0.000004895
   0.000004895
   0.000004895
   0.000004895
   0.000004895
   0.000004895
   0.000004895
   0.000004895
   0.000004895
   0.000004895
   0.000004895
   0.000004895
   0.000004895
   0.000004895
   0.000004895
   0.000004895
   0.000004895
   0.000004895
   0.000004895
   0.000004895
   0.000004895
   0.000004895
   0.000004895
   0.000004895
   0.000004895
   0.000004895
   0.000004895
   0.000004895
   0.000004895
   0.000004895
   0.000004895
   0.000004895
   0.000004895
   0.000002274
   0.000002277
   0.000002272
   0.000002291
   0.000002276
   0.000001093
   0.000001142
   0.000001097
   0.000001141
   0.000001150
   0.000001132
   0.000001147
   0.000001135
   0.000000457
   0.000001141
   0.000000480
   0.000000520
   0.000000532
   0.000000523
   0.000000533
   0.000000532
   0.000000536
   0.000000535
   0.000000533
   0.000000527
   0.000001674
   0.000001688
   0.000001703
   0.000001702
   0.000001721
   0.000001708
   0.000001702
   0.000001697
   0.000001715
   0.000001707
   0.000001155
   0.000001192
   0.000001196
   0.000001190
   0.000001204
   0.000001193
   0.000001200
   0.000001194
   0.000001192
   0.000001186
